{
 "cells": [
  {
   "cell_type": "markdown",
   "metadata": {},
   "source": [
    "# PCA Pippo\n",
    "### Obtención de los datos y librerías necesarias\n",
    "\n",
    "\n",
    "Reducción de la dimensionalidad\n",
    "Análisis de Componentes Principales (PCA)\n",
    "PCA es una técnica de aprendizaje no supervisado que tiene como objetivo fundamental la reducción de dimensiones. \n",
    "\n",
    "Armamos este PCA para explorar mas los datos, visualizar las correlaciones que hay entre columnas y de hecho en varios pasajes del modelo, fuimos achicando la cantidad, quedandonos con 5 y viendo que son suficientes, tambien ver como se diferencian las lineas y typos de productos.\n",
    "\n",
    "Visualizamos los resultados y vimos que con 2 compenentes, a lo sumo 3 explicabamos bien.\n",
    "\n",
    "Arrancamos con un dataset reducido realizando un groupby con promedios, lo bueno de este es que nos dio el puntapie para entender mejor los datos y que la visualizacion es simple, luego continuamos el ejercicio con la base completa"
   ]
  },
  {
   "cell_type": "code",
   "execution_count": 1,
   "metadata": {},
   "outputs": [],
   "source": [
    "#Importamos las librerías que usaremos\n",
    "import numpy as np\n",
    "import pandas as pd\n",
    "import seaborn as sns\n",
    "import matplotlib.pyplot as plt\n",
    "%matplotlib inline\n",
    "import re\n",
    "import scipy.stats as sts\n",
    "from bokeh.plotting import figure\n",
    "from bokeh.layouts import gridplot\n",
    "from bokeh.io import output_notebook, show\n",
    "\n",
    "import datetime"
   ]
  },
  {
   "cell_type": "code",
   "execution_count": 2,
   "metadata": {},
   "outputs": [],
   "source": [
    "# Importamos los dataset\n",
    "df = pd.read_csv('Pippo_tot_ana.csv',parse_dates=['OrderDate'])"
   ]
  },
  {
   "cell_type": "markdown",
   "metadata": {},
   "source": [
    "## Analisis por Linea de Producto"
   ]
  },
  {
   "cell_type": "code",
   "execution_count": 3,
   "metadata": {},
   "outputs": [],
   "source": [
    "# Vamos a usar el promedio de los valores por estados para una primera aproximacion y luego el total de los datos\n",
    "# Por previos chequeos, excluimos del analisis otras variables que estaban intimamente relacionadas\n",
    "df_tabla = df.groupby('ProductLine')['Quantity', 'Price', 'TotalDiscountPrice', 'ShippingCost', 'Value'].mean()"
   ]
  },
  {
   "cell_type": "code",
   "execution_count": 4,
   "metadata": {},
   "outputs": [
    {
     "data": {
      "text/html": [
       "<div>\n",
       "<style scoped>\n",
       "    .dataframe tbody tr th:only-of-type {\n",
       "        vertical-align: middle;\n",
       "    }\n",
       "\n",
       "    .dataframe tbody tr th {\n",
       "        vertical-align: top;\n",
       "    }\n",
       "\n",
       "    .dataframe thead th {\n",
       "        text-align: right;\n",
       "    }\n",
       "</style>\n",
       "<table border=\"1\" class=\"dataframe\">\n",
       "  <thead>\n",
       "    <tr style=\"text-align: right;\">\n",
       "      <th></th>\n",
       "      <th>Quantity</th>\n",
       "      <th>Price</th>\n",
       "      <th>TotalDiscountPrice</th>\n",
       "      <th>ShippingCost</th>\n",
       "      <th>Value</th>\n",
       "    </tr>\n",
       "    <tr>\n",
       "      <th>ProductLine</th>\n",
       "      <th></th>\n",
       "      <th></th>\n",
       "      <th></th>\n",
       "      <th></th>\n",
       "      <th></th>\n",
       "    </tr>\n",
       "  </thead>\n",
       "  <tbody>\n",
       "    <tr>\n",
       "      <th>Accesorios</th>\n",
       "      <td>1.404286</td>\n",
       "      <td>762.181523</td>\n",
       "      <td>-1527.644990</td>\n",
       "      <td>27.368179</td>\n",
       "      <td>2092.738312</td>\n",
       "    </tr>\n",
       "    <tr>\n",
       "      <th>Aire Libre</th>\n",
       "      <td>1.137464</td>\n",
       "      <td>1273.790900</td>\n",
       "      <td>-2083.550407</td>\n",
       "      <td>23.909487</td>\n",
       "      <td>2045.832846</td>\n",
       "    </tr>\n",
       "    <tr>\n",
       "      <th>Baño</th>\n",
       "      <td>1.220484</td>\n",
       "      <td>651.709523</td>\n",
       "      <td>-1384.892403</td>\n",
       "      <td>32.825230</td>\n",
       "      <td>2037.929427</td>\n",
       "    </tr>\n",
       "    <tr>\n",
       "      <th>Cocina</th>\n",
       "      <td>1.309779</td>\n",
       "      <td>409.223045</td>\n",
       "      <td>-1251.243464</td>\n",
       "      <td>27.861148</td>\n",
       "      <td>1911.289045</td>\n",
       "    </tr>\n",
       "    <tr>\n",
       "      <th>Decoración</th>\n",
       "      <td>1.293340</td>\n",
       "      <td>1171.879530</td>\n",
       "      <td>-1539.766069</td>\n",
       "      <td>32.445618</td>\n",
       "      <td>2194.151086</td>\n",
       "    </tr>\n",
       "    <tr>\n",
       "      <th>Dormitorio</th>\n",
       "      <td>1.084320</td>\n",
       "      <td>1933.547828</td>\n",
       "      <td>-2125.020664</td>\n",
       "      <td>36.444577</td>\n",
       "      <td>2656.978363</td>\n",
       "    </tr>\n",
       "    <tr>\n",
       "      <th>Organizadores</th>\n",
       "      <td>1.265043</td>\n",
       "      <td>893.921762</td>\n",
       "      <td>-1361.479437</td>\n",
       "      <td>27.590418</td>\n",
       "      <td>2121.990445</td>\n",
       "    </tr>\n",
       "    <tr>\n",
       "      <th>Ropa</th>\n",
       "      <td>1.064997</td>\n",
       "      <td>944.287424</td>\n",
       "      <td>-1405.905113</td>\n",
       "      <td>27.350396</td>\n",
       "      <td>1993.634115</td>\n",
       "    </tr>\n",
       "  </tbody>\n",
       "</table>\n",
       "</div>"
      ],
      "text/plain": [
       "               Quantity        Price  TotalDiscountPrice  ShippingCost  \\\n",
       "ProductLine                                                              \n",
       "Accesorios     1.404286   762.181523        -1527.644990     27.368179   \n",
       "Aire Libre     1.137464  1273.790900        -2083.550407     23.909487   \n",
       "Baño           1.220484   651.709523        -1384.892403     32.825230   \n",
       "Cocina         1.309779   409.223045        -1251.243464     27.861148   \n",
       "Decoración     1.293340  1171.879530        -1539.766069     32.445618   \n",
       "Dormitorio     1.084320  1933.547828        -2125.020664     36.444577   \n",
       "Organizadores  1.265043   893.921762        -1361.479437     27.590418   \n",
       "Ropa           1.064997   944.287424        -1405.905113     27.350396   \n",
       "\n",
       "                     Value  \n",
       "ProductLine                 \n",
       "Accesorios     2092.738312  \n",
       "Aire Libre     2045.832846  \n",
       "Baño           2037.929427  \n",
       "Cocina         1911.289045  \n",
       "Decoración     2194.151086  \n",
       "Dormitorio     2656.978363  \n",
       "Organizadores  2121.990445  \n",
       "Ropa           1993.634115  "
      ]
     },
     "execution_count": 4,
     "metadata": {},
     "output_type": "execute_result"
    }
   ],
   "source": [
    "df_tabla.index_col = 'ProductLine'\n",
    "df_tabla"
   ]
  },
  {
   "cell_type": "code",
   "execution_count": 5,
   "metadata": {},
   "outputs": [],
   "source": [
    "df_tabla.dropna( inplace=True )"
   ]
  },
  {
   "cell_type": "code",
   "execution_count": 6,
   "metadata": {},
   "outputs": [
    {
     "data": {
      "text/plain": [
       "(8, 5)"
      ]
     },
     "execution_count": 6,
     "metadata": {},
     "output_type": "execute_result"
    }
   ],
   "source": [
    "# Estoy trabajando con los ProductLine promedio\n",
    "df_tabla.shape"
   ]
  },
  {
   "cell_type": "markdown",
   "metadata": {},
   "source": [
    "Necesitamos variables con media 0 y varianza 1:"
   ]
  },
  {
   "cell_type": "code",
   "execution_count": 7,
   "metadata": {},
   "outputs": [
    {
     "name": "stdout",
     "output_type": "stream",
     "text": [
      "Media de las variables: \n",
      "Quantity                 1.222464\n",
      "Price                 1005.067692\n",
      "TotalDiscountPrice   -1584.937818\n",
      "ShippingCost            29.474382\n",
      "Value                 2131.817955\n",
      "dtype: float64\n",
      "\n",
      "\n",
      "Varianza de las variables: \n",
      "Quantity                   0.014090\n",
      "Price                 216721.128972\n",
      "TotalDiscountPrice    111283.342434\n",
      "ShippingCost              16.386765\n",
      "Value                  52176.991501\n",
      "dtype: float64\n"
     ]
    }
   ],
   "source": [
    "# Observamos la media de las variables\n",
    "\n",
    "print(\"Media de las variables: \")\n",
    "print(df_tabla.mean(axis=0))\n",
    "\n",
    "print('\\n')\n",
    "\n",
    "# Observamos la varianza de las variables:\n",
    "print(\"Varianza de las variables: \")\n",
    "print(df_tabla.var(axis=0))"
   ]
  },
  {
   "cell_type": "code",
   "execution_count": 8,
   "metadata": {},
   "outputs": [
    {
     "data": {
      "text/html": [
       "<div>\n",
       "<style scoped>\n",
       "    .dataframe tbody tr th:only-of-type {\n",
       "        vertical-align: middle;\n",
       "    }\n",
       "\n",
       "    .dataframe tbody tr th {\n",
       "        vertical-align: top;\n",
       "    }\n",
       "\n",
       "    .dataframe thead th {\n",
       "        text-align: right;\n",
       "    }\n",
       "</style>\n",
       "<table border=\"1\" class=\"dataframe\">\n",
       "  <thead>\n",
       "    <tr style=\"text-align: right;\">\n",
       "      <th></th>\n",
       "      <th>Quantity</th>\n",
       "      <th>Price</th>\n",
       "      <th>TotalDiscountPrice</th>\n",
       "      <th>ShippingCost</th>\n",
       "      <th>Value</th>\n",
       "    </tr>\n",
       "    <tr>\n",
       "      <th>ProductLine</th>\n",
       "      <th></th>\n",
       "      <th></th>\n",
       "      <th></th>\n",
       "      <th></th>\n",
       "      <th></th>\n",
       "    </tr>\n",
       "  </thead>\n",
       "  <tbody>\n",
       "    <tr>\n",
       "      <th>Accesorios</th>\n",
       "      <td>1.637537</td>\n",
       "      <td>-0.557761</td>\n",
       "      <td>0.183604</td>\n",
       "      <td>-0.556224</td>\n",
       "      <td>-0.182897</td>\n",
       "    </tr>\n",
       "    <tr>\n",
       "      <th>Aire Libre</th>\n",
       "      <td>-0.765535</td>\n",
       "      <td>0.617093</td>\n",
       "      <td>-1.597880</td>\n",
       "      <td>-1.469624</td>\n",
       "      <td>-0.402420</td>\n",
       "    </tr>\n",
       "    <tr>\n",
       "      <th>Baño</th>\n",
       "      <td>-0.017835</td>\n",
       "      <td>-0.811448</td>\n",
       "      <td>0.641076</td>\n",
       "      <td>0.884920</td>\n",
       "      <td>-0.439409</td>\n",
       "    </tr>\n",
       "    <tr>\n",
       "      <th>Cocina</th>\n",
       "      <td>0.786382</td>\n",
       "      <td>-1.368291</td>\n",
       "      <td>1.069374</td>\n",
       "      <td>-0.426036</td>\n",
       "      <td>-1.032100</td>\n",
       "    </tr>\n",
       "    <tr>\n",
       "      <th>Decoración</th>\n",
       "      <td>0.638327</td>\n",
       "      <td>0.383065</td>\n",
       "      <td>0.144760</td>\n",
       "      <td>0.784669</td>\n",
       "      <td>0.291726</td>\n",
       "    </tr>\n",
       "  </tbody>\n",
       "</table>\n",
       "</div>"
      ],
      "text/plain": [
       "             Quantity     Price  TotalDiscountPrice  ShippingCost     Value\n",
       "ProductLine                                                                \n",
       "Accesorios   1.637537 -0.557761            0.183604     -0.556224 -0.182897\n",
       "Aire Libre  -0.765535  0.617093           -1.597880     -1.469624 -0.402420\n",
       "Baño        -0.017835 -0.811448            0.641076      0.884920 -0.439409\n",
       "Cocina       0.786382 -1.368291            1.069374     -0.426036 -1.032100\n",
       "Decoración   0.638327  0.383065            0.144760      0.784669  0.291726"
      ]
     },
     "execution_count": 8,
     "metadata": {},
     "output_type": "execute_result"
    }
   ],
   "source": [
    "# Normalizamos los datos utilizando el objeto StdSclr:\n",
    "\n",
    "from sklearn.preprocessing import StandardScaler\n",
    "# Instanciamos la clase, creando el objeto StdSclr.\n",
    "StdSclr = StandardScaler()\n",
    "\n",
    "df_linea_std = pd.DataFrame(StdSclr.fit_transform(df_tabla), index=df_tabla.index, columns=df_tabla.columns)\n",
    "df_linea_std.head()"
   ]
  },
  {
   "cell_type": "code",
   "execution_count": 9,
   "metadata": {},
   "outputs": [
    {
     "name": "stdout",
     "output_type": "stream",
     "text": [
      "Media de las variables: \n",
      "Quantity             -2.498002e-16\n",
      "Price                -4.510281e-17\n",
      "TotalDiscountPrice   -1.804112e-16\n",
      "ShippingCost          0.000000e+00\n",
      "Value                 1.096345e-15\n",
      "dtype: float64\n",
      "\n",
      "\n",
      "Varianza de las variables: \n",
      "Quantity              1.142857\n",
      "Price                 1.142857\n",
      "TotalDiscountPrice    1.142857\n",
      "ShippingCost          1.142857\n",
      "Value                 1.142857\n",
      "dtype: float64\n"
     ]
    }
   ],
   "source": [
    "# Observamos nuevamente la media de las variables:\n",
    "print(\"Media de las variables: \")\n",
    "print(df_linea_std.mean(axis=0))\n",
    "\n",
    "print('\\n')\n",
    "\n",
    "# Observamos nuevamente la varianza de las variables:\n",
    "print(\"Varianza de las variables: \")\n",
    "print(df_linea_std.var(axis=0))"
   ]
  },
  {
   "cell_type": "code",
   "execution_count": 10,
   "metadata": {},
   "outputs": [
    {
     "data": {
      "text/plain": [
       "PCA(copy=True, iterated_power='auto', n_components=None, random_state=None,\n",
       "  svd_solver='auto', tol=0.0, whiten=False)"
      ]
     },
     "execution_count": 10,
     "metadata": {},
     "output_type": "execute_result"
    }
   ],
   "source": [
    "from sklearn.decomposition import PCA\n",
    "#https://scikit-learn.org/stable/modules/generated/sklearn.decomposition.PCA.html\n",
    "\n",
    "# Instanciamos la clase PCA:\n",
    "pca_linea = PCA()\n",
    "\n",
    "# Al no especificar el número de componentes, PCA va a conservar todos los CP.\n",
    "\n",
    "# Calculamos los componentes principales con el método fit()\n",
    "pca_linea.fit(df_linea_std)\n",
    "pca_linea"
   ]
  },
  {
   "cell_type": "code",
   "execution_count": 11,
   "metadata": {},
   "outputs": [
    {
     "name": "stdout",
     "output_type": "stream",
     "text": [
      "[[-0.34792381  0.53823517 -0.46326108  0.33697936  0.51096576]\n",
      " [-0.49996435  0.11015729 -0.35937778 -0.71593447 -0.31013943]\n",
      " [-0.77527199 -0.16203718  0.46580478  0.35621195 -0.1698124 ]\n",
      " [-0.01000369  0.38674557  0.643154   -0.46131649  0.47314672]\n",
      " [ 0.16684707  0.722731    0.16004879  0.18488614 -0.62451858]]\n"
     ]
    }
   ],
   "source": [
    "# Imprimo los componentes principales\n",
    "print(pca_linea.components_)"
   ]
  },
  {
   "cell_type": "code",
   "execution_count": 12,
   "metadata": {},
   "outputs": [
    {
     "name": "stdout",
     "output_type": "stream",
     "text": [
      "[[-0.34792381  0.53823517 -0.46326108  0.33697936  0.51096576]\n",
      " [-0.49996435  0.11015729 -0.35937778 -0.71593447 -0.31013943]]\n"
     ]
    }
   ],
   "source": [
    "# Quiero quedarme sólo con los primeras 2 componenetes principales, ya que estan explican mas del 90% en el ejemplo:\n",
    "pca_linea_2 = PCA(n_components= 2)\n",
    "\n",
    "# Calculamos los componentes principales con el método fit()\n",
    "pca_linea_2.fit(df_linea_std)\n",
    "\n",
    "print(pca_linea_2.components_)"
   ]
  },
  {
   "cell_type": "code",
   "execution_count": 13,
   "metadata": {},
   "outputs": [
    {
     "data": {
      "text/html": [
       "<div>\n",
       "<style scoped>\n",
       "    .dataframe tbody tr th:only-of-type {\n",
       "        vertical-align: middle;\n",
       "    }\n",
       "\n",
       "    .dataframe tbody tr th {\n",
       "        vertical-align: top;\n",
       "    }\n",
       "\n",
       "    .dataframe thead th {\n",
       "        text-align: right;\n",
       "    }\n",
       "</style>\n",
       "<table border=\"1\" class=\"dataframe\">\n",
       "  <thead>\n",
       "    <tr style=\"text-align: right;\">\n",
       "      <th></th>\n",
       "      <th>PC1</th>\n",
       "      <th>PC2</th>\n",
       "      <th>PC3</th>\n",
       "      <th>PC4</th>\n",
       "      <th>PC5</th>\n",
       "    </tr>\n",
       "    <tr>\n",
       "      <th>ProductLine</th>\n",
       "      <th></th>\n",
       "      <th></th>\n",
       "      <th></th>\n",
       "      <th></th>\n",
       "      <th></th>\n",
       "    </tr>\n",
       "  </thead>\n",
       "  <tbody>\n",
       "    <tr>\n",
       "      <th>Accesorios</th>\n",
       "      <td>-1.235891</td>\n",
       "      <td>-0.491191</td>\n",
       "      <td>-1.260710</td>\n",
       "      <td>0.056050</td>\n",
       "      <td>-0.089123</td>\n",
       "    </tr>\n",
       "    <tr>\n",
       "      <th>Aire Libre</th>\n",
       "      <td>0.637868</td>\n",
       "      <td>2.201921</td>\n",
       "      <td>-0.705956</td>\n",
       "      <td>-0.293809</td>\n",
       "      <td>0.042132</td>\n",
       "    </tr>\n",
       "    <tr>\n",
       "      <th>Baño</th>\n",
       "      <td>-0.653853</td>\n",
       "      <td>-0.808125</td>\n",
       "      <td>0.833764</td>\n",
       "      <td>-0.517468</td>\n",
       "      <td>-0.048802</td>\n",
       "    </tr>\n",
       "    <tr>\n",
       "      <th>Cocina</th>\n",
       "      <td>-2.176396</td>\n",
       "      <td>-0.303090</td>\n",
       "      <td>0.133678</td>\n",
       "      <td>-0.141072</td>\n",
       "      <td>-0.120751</td>\n",
       "    </tr>\n",
       "    <tr>\n",
       "      <th>Decoración</th>\n",
       "      <td>0.330508</td>\n",
       "      <td>-0.981214</td>\n",
       "      <td>-0.259548</td>\n",
       "      <td>0.010914</td>\n",
       "      <td>0.369410</td>\n",
       "    </tr>\n",
       "    <tr>\n",
       "      <th>Dormitorio</th>\n",
       "      <td>4.258426</td>\n",
       "      <td>-0.601206</td>\n",
       "      <td>0.051203</td>\n",
       "      <td>0.037627</td>\n",
       "      <td>-0.138242</td>\n",
       "    </tr>\n",
       "    <tr>\n",
       "      <th>Organizadores</th>\n",
       "      <td>-0.793701</td>\n",
       "      <td>-0.106728</td>\n",
       "      <td>-0.091792</td>\n",
       "      <td>0.565778</td>\n",
       "      <td>-0.069135</td>\n",
       "    </tr>\n",
       "    <tr>\n",
       "      <th>Ropa</th>\n",
       "      <td>-0.366962</td>\n",
       "      <td>1.089634</td>\n",
       "      <td>1.299361</td>\n",
       "      <td>0.281979</td>\n",
       "      <td>0.054510</td>\n",
       "    </tr>\n",
       "  </tbody>\n",
       "</table>\n",
       "</div>"
      ],
      "text/plain": [
       "                    PC1       PC2       PC3       PC4       PC5\n",
       "ProductLine                                                    \n",
       "Accesorios    -1.235891 -0.491191 -1.260710  0.056050 -0.089123\n",
       "Aire Libre     0.637868  2.201921 -0.705956 -0.293809  0.042132\n",
       "Baño          -0.653853 -0.808125  0.833764 -0.517468 -0.048802\n",
       "Cocina        -2.176396 -0.303090  0.133678 -0.141072 -0.120751\n",
       "Decoración     0.330508 -0.981214 -0.259548  0.010914  0.369410\n",
       "Dormitorio     4.258426 -0.601206  0.051203  0.037627 -0.138242\n",
       "Organizadores -0.793701 -0.106728 -0.091792  0.565778 -0.069135\n",
       "Ropa          -0.366962  1.089634  1.299361  0.281979  0.054510"
      ]
     },
     "execution_count": 13,
     "metadata": {},
     "output_type": "execute_result"
    }
   ],
   "source": [
    "# Generamos un DataFrame expresando en términos de nuestros componentes principales:\n",
    "\n",
    "df_linea_pca = pd.DataFrame(pca_linea.fit_transform(df_linea_std), \\\n",
    "                            columns=['PC1', 'PC2', 'PC3', 'PC4', 'PC5'], index=df_linea_std.index)\n",
    "df_linea_pca"
   ]
  },
  {
   "cell_type": "code",
   "execution_count": 14,
   "metadata": {},
   "outputs": [
    {
     "name": "stdout",
     "output_type": "stream",
     "text": [
      "[[-0.34792381  0.53823517 -0.46326108  0.33697936  0.51096576]\n",
      " [-0.49996435  0.11015729 -0.35937778 -0.71593447 -0.31013943]\n",
      " [-0.77527199 -0.16203718  0.46580478  0.35621195 -0.1698124 ]\n",
      " [-0.01000369  0.38674557  0.643154   -0.46131649  0.47314672]\n",
      " [ 0.16684707  0.722731    0.16004879  0.18488614 -0.62451858]]\n"
     ]
    },
    {
     "data": {
      "text/html": [
       "<div>\n",
       "<style scoped>\n",
       "    .dataframe tbody tr th:only-of-type {\n",
       "        vertical-align: middle;\n",
       "    }\n",
       "\n",
       "    .dataframe tbody tr th {\n",
       "        vertical-align: top;\n",
       "    }\n",
       "\n",
       "    .dataframe thead th {\n",
       "        text-align: right;\n",
       "    }\n",
       "</style>\n",
       "<table border=\"1\" class=\"dataframe\">\n",
       "  <thead>\n",
       "    <tr style=\"text-align: right;\">\n",
       "      <th></th>\n",
       "      <th>PC1</th>\n",
       "      <th>PC2</th>\n",
       "      <th>PC3</th>\n",
       "      <th>PC4</th>\n",
       "      <th>PC5</th>\n",
       "    </tr>\n",
       "  </thead>\n",
       "  <tbody>\n",
       "    <tr>\n",
       "      <th>Quantity</th>\n",
       "      <td>-0.347924</td>\n",
       "      <td>-0.499964</td>\n",
       "      <td>-0.775272</td>\n",
       "      <td>-0.010004</td>\n",
       "      <td>0.166847</td>\n",
       "    </tr>\n",
       "    <tr>\n",
       "      <th>Price</th>\n",
       "      <td>0.538235</td>\n",
       "      <td>0.110157</td>\n",
       "      <td>-0.162037</td>\n",
       "      <td>0.386746</td>\n",
       "      <td>0.722731</td>\n",
       "    </tr>\n",
       "    <tr>\n",
       "      <th>TotalDiscountPrice</th>\n",
       "      <td>-0.463261</td>\n",
       "      <td>-0.359378</td>\n",
       "      <td>0.465805</td>\n",
       "      <td>0.643154</td>\n",
       "      <td>0.160049</td>\n",
       "    </tr>\n",
       "    <tr>\n",
       "      <th>ShippingCost</th>\n",
       "      <td>0.336979</td>\n",
       "      <td>-0.715934</td>\n",
       "      <td>0.356212</td>\n",
       "      <td>-0.461316</td>\n",
       "      <td>0.184886</td>\n",
       "    </tr>\n",
       "    <tr>\n",
       "      <th>Value</th>\n",
       "      <td>0.510966</td>\n",
       "      <td>-0.310139</td>\n",
       "      <td>-0.169812</td>\n",
       "      <td>0.473147</td>\n",
       "      <td>-0.624519</td>\n",
       "    </tr>\n",
       "  </tbody>\n",
       "</table>\n",
       "</div>"
      ],
      "text/plain": [
       "                         PC1       PC2       PC3       PC4       PC5\n",
       "Quantity           -0.347924 -0.499964 -0.775272 -0.010004  0.166847\n",
       "Price               0.538235  0.110157 -0.162037  0.386746  0.722731\n",
       "TotalDiscountPrice -0.463261 -0.359378  0.465805  0.643154  0.160049\n",
       "ShippingCost        0.336979 -0.715934  0.356212 -0.461316  0.184886\n",
       "Value               0.510966 -0.310139 -0.169812  0.473147 -0.624519"
      ]
     },
     "metadata": {},
     "output_type": "display_data"
    }
   ],
   "source": [
    "# Creamos un DataFRame con los loadings que vamos a usar para graficar\n",
    "\n",
    "pca_loadings = pd.DataFrame(pca_linea.components_.T, index=df_tabla.columns, columns=['PC1', 'PC2', 'PC3', 'PC4', 'PC5'])\n",
    "print(pca_linea.components_)\n",
    "display(pca_loadings)"
   ]
  },
  {
   "cell_type": "markdown",
   "metadata": {},
   "source": [
    "## Biplot"
   ]
  },
  {
   "cell_type": "code",
   "execution_count": 15,
   "metadata": {},
   "outputs": [
    {
     "data": {
